159596 133338
159596 132521
143837 39548
143837 130113
143837 161986
184057 34222
184057 111701
184057 130625
184057 152127
184057 160033
184057 163682
184057 171626
184057 171552
184057 202823
184057 148532
66162 3230
66162 14730
66162 17134
66162 24109
66162 27768
66162 32572
66162 111969
66162 81221
66162 163801
66162 118374
66162 86218
66162 81152
66162 69400
66162 79302
66162 194095
66162 80388
66162 127017
66162 92838
66162 97652
66162 160925
135173 56322
14748 21378
124219 49618
109295 188112
109295 165546
152195 189689
152195 195313
152195 120646
57975 7535
57975 61352
136990 54031
136990 62664
136990 134401
136990 137313
136990 197022
136990 206109
109893 89709
109893 180630
109893 117762
109893 89127
109893 180726
109893 202823
109893 27016
109893 189781
109893 206272
29586 8615
58161 38153
123189 151511
190358 165908
104759 39238
69182 150192
69182 24535
76152 76152
85056 138475
85056 161986
161124 122047
33692 109188
171290 171290
93613 129588
93613 181522
93613 39954
93613 84986
93613 165181
93613 11571
29425 76779
29425 125980
38799 67000
145947 125980
68354 90621
117618 124625
174855 1554
54046 86353
54046 49805
54046 185321
82143 102268
59499 57269
65832 44049
65832 56322
65832 121237
65832 197022
144253 81753
155805 205640
175103 142147
200987 175203
150640 204168
150640 174765
101651 21752
185162 205664
91606 143917
21755 6752
21755 204674
21755 139277
21755 153627
89521 32572
89521 36973
89521 81221
89521 206109
206244 7528
206244 105221
206244 147267
206244 203266
206244 147878
206244 137228
45324 43705
193893 135983
28786 209117
139468 16743
139468 185321
138641 182088
199309 36450
137455 127453
137455 154845
13065 34031
13065 47706
13065 49713
13065 173181
13065 184211
13065 203729
135608 139788
85477 14987
35709 12882
121252 195916
95866 206252
141379 1157
141379 14730
141379 19061
141379 24109
141379 35140
141379 35629
141379 78356
141379 206109
141379 123365
141379 207446
141379 122963
141379 125681
141379 195535
141379 69400
141379 81221
141379 49561
141379 195766
141379 166330
141379 194095
141379 153651
141379 127453
141379 148455
141379 143478
205045 157369
105640 152789
119422 70543
54424 19383
54424 43683
89944 159476
89944 56322
89944 111694
89944 123590
168153 71729
168153 92752
86339 84986
210249 14730
210249 19061
210249 23887
210249 24109
210249 35629
210249 78356
210249 122963
210249 143478
210249 154845
210249 206109
210249 69400
210249 81221
210249 127453
210249 92838
31482 22291
6752 64351
6752 201408
6752 63176
6752 73093
189268 5114
189268 5956
189268 7485
189268 20078
189268 54123
189268 57084
189268 60827
189268 74093
189268 83022
189268 156697
189268 168017
189268 192956
189268 193887
189268 200883
189268 201672
106457 62225
106457 138288
8615 196884
202639 164822
202639 182292
71285 81079
210363 107565
85353 187862
91183 91848
117004 67217
173015 147007
173015 191961
173015 177526
23966 166583
136287 92229
106116 155499
134948 202310
106496 96331
84106 96047
189406 195442
189406 135840
189406 167167
189406 133087
189406 141119
189406 114757
189406 32588
189406 142994
189406 124945
189406 118309
189406 17328
57540 184038
57540 145751
201408 6305
201408 56909
201408 107567
201408 141301
201408 150192
201408 167047
170216 82473
84776 130874
84776 141301
84776 159868
197935 72650
197935 195988
170561 74899
75120 144302
56909 12667
56909 64351
56909 20991
56909 210516
55023 86899
86005 122840
186082 1554
186082 2039
186082 3383
186082 66175
186082 80494
186082 139799
186082 181099
186082 185688
186082 196844
47150 74343
149726 139277
149726 153627
146157 99050
146157 108011
146157 154001
19704 156275
62440 143984
155443 18841
155443 138383
183261 125980
175188 180595
8900 127017
8900 68951
8900 79302
8900 106214
125737 80388
45921 1554
45921 2039
45921 80494
45921 66175
45921 68805
45921 185688
112510 192019
42215 10023
42215 35293
134174 61772
54777 57447
134102 191018
129989 7528
129989 121978
129989 203266
75299 193633
57061 57061
4002 16579
85896 101871
44149 98133
207040 145658
38338 177461
27768 5464
27768 15219
27768 24109
27768 36973
27768 118374
27768 123365
27768 163801
27768 68951
27768 207446
27768 12882
27768 162849
27768 144834
27768 79302
27768 30667
27768 80388
27768 32572
27768 86674
27768 127017
27768 194095
27768 127453
27768 92838
27768 160925
27768 191476
169691 9486
119029 112926
14137 148700
14106 14106
14106 186009
123325 76737
123325 146965
123325 172868
202823 163682
202823 171434
202823 171626
42243 183960
42243 174645
42243 198129
42243 42243
113202 204088
170430 71986
170430 140458
124901 159328
207446 17134
207446 32572
207446 79302
207446 80388
207446 83643
207446 86218
207446 194095
207446 36973
207446 68951
207446 81221
207446 106214
137876 173965
121611 61497
42413 160925
133793 197022
15042 47301
167067 152765
111835 166999
49726 124354
46404 30644
46404 191524
46404 155257
46404 69676
46404 126871
46404 128169
46404 136320
96011 19116
17225 202312
192479 7730
54615 107911
36660 155442
29461 66833
171626 75440
171626 111701
171626 125184
171626 128249
171626 158297
171626 163682
171626 88643
171626 185321
171626 62225
100702 47706
134818 72245
124378 74145
189792 103413
189792 106904
189792 154001
19933 59397
83765 55148
101071 65871
101071 180262
101071 172312
1157 78356
1157 68951
1157 118374
1157 81221
1157 69400
1157 24109
1157 14730
1160 8000
1160 107559
1160 137515
1160 150718
1160 152790
1160 164488
41443 27854
54690 65198
54690 194992
54690 198727
2107 196587
128936 103534
23307 7696
60370 130874
60370 141301
177526 15219
177526 23215
177526 23887
177526 32572
177526 50729
177526 144834
177526 147251
177526 147321
177526 147373
177526 160925
177526 206109
177526 68951
177526 197509
177526 147007
177526 191961
177526 81221
177526 127453
168702 180460
3127 36973
3127 206109
3127 163801
3127 14730
3127 154845
3127 127017
3127 91460
3127 138565
3127 10564
3127 30667
3127 208133
3127 184855
3127 78356
3127 69400
3127 79302
3127 194095
3127 80388
3127 86674
3127 158571
3127 127453
3127 5464
3127 111787
3127 118374
3127 86218
3127 3127
3127 194332
3127 24109
3127 32572
3127 143478
3127 160925
3127 191476
70927 130534
148838 95421
148838 188553
148838 186711
199767 183539
97001 22241
158840 122650
127630 199721
14395 14395
53907 187499
197633 38642
73072 117211
73072 151626
26560 107567
26560 180726
131975 17835
21759 183960
34017 160033
34017 34222
34017 86561
34017 187896
89463 93734
108515 899
108515 13197
108515 64938
108515 172240
108515 198167
108515 195290
108515 173181
108515 118800
171700 24109
171700 35629
171700 78356
171700 143478
113863 104336
144103 12189
144103 125600
144103 163982
144103 145791
38315 149120
197705 127559
144595 128583
132019 50931
132019 54594
132019 115567
72394 129334
90241 190695
120921 116131
120921 149748
52899 1123
90822 40240
143338 141108
147308 111216
115303 19154
35302 141297
118128 89230
95064 166754
117913 74119
175108 32572
175108 68951
153219 19001
153219 136568
183377 130874
183377 141301
61535 66151
63706 150984
139277 16134
139277 27193
139277 109793
139277 174970
139277 183178
139277 26626
139277 80335
139277 37771
139277 162922
139277 33229
139277 121026
34867 152665
34867 205828
34867 169564
180262 172312
7891 32887
168460 182088
72365 148029
167505 94206
66140 188112
108769 70826
121348 150971
138809 131641
138809 129588
182074 94283
1742 120127
118309 131821
118309 76150
118309 39866
130348 130874
130348 141301
208133 14730
208133 24109
208133 32572
208133 35629
208133 78356
208133 79302
208133 80388
208133 86218
208133 127017
208133 143478
208133 163801
208133 206109
208133 36973
208133 118374
208133 106214
43002 7528
43002 8673
43002 137228
43002 199878
43002 135113
43002 121978
43002 203266
43002 150362
43002 184142
43002 208605
43002 205140
43002 105221
43002 189175
1554 44876
1554 109571
1554 181099
1554 80494
1554 129457
1554 108089
1554 71610
1554 6722
1554 153006
1554 146408
1554 185645
1554 122332
1554 9532
1554 198408
1554 62154
1554 137417
1554 22091
1554 196844
1554 186016
1554 122047
1554 141301
180325 52547
102477 72458
102477 122047
59462 135489
180458 91587
180458 189681
55404 129313
55404 169688
147373 10564
147373 21929
147373 23215
147373 23887
147373 25375
147373 32572
147373 37351
147373 50729
147373 78356
147373 125329
147373 68951
147373 161964
147373 170314
147373 147593
147373 160925
147373 176064
147373 178045
147373 178260
147373 188326
147373 190699
147373 197509
147373 200100
147373 208392
195363 172939
207315 63836
111440 22361
158023 30849
38236 132961
198389 124846
164712 142147
164712 32474
29642 130874
29642 141301
194170 74298
194170 144059
194170 154001
3257 27794
35925 28342
35925 11839
35925 70113
35925 190723
35925 20991
35925 180630
35925 97564
35925 19154
35925 169388
35925 200809
35925 87318
35925 50453
35925 71931
2247 7528
2247 203266
119613 110397
27803 74043
22429 127964
188160 39548
188160 42620
188160 207928
188160 192112
188160 3974
188160 55022
39548 111787
39548 61494
39548 12889
39548 174111
39548 126203
39548 127017
11571 165181
11571 20188
11571 84986
11571 129588
96945 168825
96945 184478
96945 111701
85865 51316
24109 5464
24109 13231
24109 19061
24109 23887
24109 206109
24109 163801
24109 63176
24109 166330
24109 14730
24109 86218
24109 125329
24109 154845
24109 127017
24109 138565
24109 49561
24109 50729
24109 190695
24109 2719
24109 78356
24109 69400
24109 50585
24109 81221
24109 80388
24109 153651
24109 127453
24109 92838
24109 111787
24109 87593
24109 66250
24109 25375
24109 194095
24109 194332
24109 161964
24109 105680
24109 143478
24109 160925
24109 191920
55148 94283
55148 127286
170218 131021
187890 140108
57434 12882
194065 156197
159619 154031
27976 14932
98042 25361
62057 155894
62057 143180
178483 112185
174821 188112
174821 165546
156785 199151
141393 43414
177137 202672
154961 184038
161499 106011
161499 24535
37771 153627
147442 23215
147442 25375
147442 32572
147442 127017
147442 68951
131126 138453
103639 122332
50585 14730
25649 148666
98069 56535
32694 32694
131061 86582
80030 184038
156938 19997
156938 48423
156938 129090
112250 204674
112250 202148
112250 2844
112250 189085
112250 19154
112250 112250
112250 189781
31743 54832
89852 125988
84986 20188
84986 129588
84986 165181
84986 122249
108459 64011
167687 171507
171552 34222
171552 148532
171552 160033
171552 163682
171552 174645
65419 129860
204098 135568
204098 137571
76643 142559
31088 12808
181541 12667
181541 82849
181541 202558
82314 2497
82314 184038
76509 8218
76509 53315
121836 64671
19554 125323
88019 105195
192158 180726
153402 156197
129313 2661
129313 32700
129313 44865
129313 74343
129313 167384
129313 170940
123477 186009
123477 129150
167217 147238
21929 36973
21929 47802
21929 68951
21929 118374
21929 32572
78206 5755
30094 19612
169200 129334
11090 200719
11090 147894
11090 122431
180195 144623
201672 7485
150110 150110
45472 89709
59281 202012
57847 141147
197337 41689
139139 155677
185036 82849
185036 160925
69579 155372
38912 107567
27854 182088
162842 139799
202870 197745
93666 203446
147271 130874
147271 141301
184139 174774
156116 11991
65648 163387
120200 7073
130103 123590
9457 106904
50656 45447
50656 198606
7190 157915
7190 80012
58704 9734
200883 7485
21226 18615
21226 158297
21226 163682
133338 5860
133338 65462
133338 184038
133338 132521
133338 88767
99134 158297
87318 107567
87318 110496
87318 134814
63227 107567
63227 180726
157178 4797
157178 37156
60094 125980
78702 190200
50346 170286
179470 28197
197022 6586
197022 121237
197022 207114
197022 159476
197022 56322
197022 62664
197022 57773
197022 38449
146922 116169
133030 133030
95368 118261
156697 7485
49805 53756
74148 183178
44962 44962
89938 144618
49561 14730
49561 35629
49561 91460
49561 81152
49561 78356
49561 143478
49561 206109
149202 107567
149202 135322
116155 180630
116155 19154
116155 204674
116155 116454
116155 189781
95692 50054
95692 143917
60713 48731
130269 161986
101750 75333
125335 155677
22773 19001
148700 148700
149535 95893
149535 122047
9277 69621
33229 153627
108222 16170
122332 2039
122332 45041
122332 108089
122332 203136
122332 154593
124008 64694
124008 145889
114626 207633
114626 173181
114626 127566
37055 81929
152994 16494
152994 53806
152994 116289
152994 132930
152994 191643
96907 53410
134434 189947
24515 78356
100929 48034
166756 57447
5860 2497
5860 184038
12623 179584
191920 39186
191920 85264
191920 87593
93173 187693
154218 196806
154218 144282
154218 123318
35591 107625
80194 172180
200002 147285
22104 70270
31863 159279
194884 17159
97343 5767
97343 72832
51658 30873
51658 132961
48572 127925
73341 54115
78463 130874
78463 141301
187746 72990
44180 95749
203266 7528
203266 8673
203266 11448
203266 65811
203266 105221
203266 121978
203266 189175
203266 199878
203266 205140
203266 135113
203266 190115
203266 147878
203266 150362
203266 137228
203266 197712
203266 118438
203266 62271
105070 158362
142887 89185
103597 32572
103597 79302
168646 19997
197001 72245
139448 176730
77872 150718
77872 164488
202558 191524
202558 200719
202558 92229
11163 106904
11163 142922
201148 189781
172706 61659
195529 181400
199645 7535
176595 172659
65322 65322
75514 148308
69423 170851
123353 89772
81483 169492
170664 141725
187927 172969
81221 3230
81221 12882
81221 15219
81221 71718
81221 80388
81221 36973
81221 50729
81221 184855
81221 151866
81221 86218
81221 106214
81221 32572
81221 127017
81221 163801
81221 172276
81221 206104
81221 206109
69944 125980
121075 109999
35140 14730
35140 195535
35140 78356
150599 29480
62225 80848
89157 20991
89157 210516
41509 5767
41509 72832
183960 71729
183960 160033
183960 171434
183960 198129
88643 80848
88643 106319
129036 42584
105509 112673
200702 20991
200702 23765
200702 210516
116454 11839
116454 51009
116454 180630
116454 189085
116454 192628
116454 196806
116454 202148
114848 62482
195208 157598
39 162175
66250 14730
66250 78356
107559 62654
107559 150718
107559 152790
71931 149826
71931 30644
71931 11239
71931 20991
71931 155257
71931 149692
190695 14730
190695 17134
190695 19061
190695 78356
190695 80388
13024 20090
166241 99031
166241 148452
71572 131987
65988 19360
67479 155257
67479 30644
67479 192628
8673 7528
8673 147878
8673 137228
8673 88368
128256 189689
209479 136935
5114 7485
5114 64931
134414 16008
192110 172880
157906 96249
125681 14730
125681 15219
125681 32572
125681 79302
125681 80388
125681 154845
125681 206109
205264 110205
141301 135895
141301 45420
141301 185164
141301 97105
141301 143187
141301 179579
141301 55867
141301 147122
141301 193508
115478 45634
104433 104811
15841 122047
15841 185688
181537 38436
197079 20607
197079 204172
185321 76893
185321 146965
185321 34222
185321 148532
39033 26750
39033 154312
39033 122650
125600 12189
125600 73228
125600 11239
125600 163982
125600 127214
125600 80230
125600 110871
125600 186333
31089 200719
31089 147894
31089 122431
106807 92805
111787 14730
111787 19061
111787 111969
111787 206109
111787 78356
111787 69400
111787 92838
154277 125213
201826 174774
201826 181327
123828 77449
123828 138170
16969 15219
16969 176064
192817 98365
6630 2039
6630 79047
6630 180668
6630 35777
6630 72458
6630 22091
6630 55365
10624 107567
2637 136885
196587 53400
196587 114354
108047 186009
66899 78244
66899 203250
165837 80535
112974 161986
110943 71729
4400 140992
4400 143655
4400 117899
86218 17134
86218 23215
86218 27000
86218 32572
86218 80388
86218 36973
86218 111969
86218 206109
86218 163801
86218 196181
86218 106214
86218 127017
86218 202133
86218 122963
86218 68951
86218 184855
86218 81152
86218 79302
86218 86674
86218 153651
86218 97652
86218 92838
86218 118374
86218 144834
86218 172276
86218 194095
86218 160925
173181 13197
173181 14835
173181 49713
173181 64938
173181 115735
173181 127566
173181 143716
173181 184211
173181 199878
120272 16953
120272 209028
120272 130435
96609 101611
15449 19612
152127 89709
152127 148532
152127 160033
152127 152127
150762 72083
195905 159549
146521 96988
200446 14906
49023 66833
43327 86474
158903 158903
201640 166920
138952 132637
138952 144368
122047 2039
122047 22091
122047 70270
122047 106042
122047 121253
122047 181099
122047 183838
122047 128672
122047 149189
122047 6722
122047 5073
122047 62672
122047 172051
122047 149615
122047 79047
122047 195313
122047 89164
122047 72458
16692 191227
159476 56322
159476 111694
133044 159516
133044 53347
133044 12962
133044 208471
147878 7528
147878 121978
147878 126470
147878 150362
23947 109501
121253 2039
121253 72458
123013 72650
138475 157622
161790 122435
3383 44876
115567 54594
115567 95787
163682 160033
163682 16358
163682 148532
163682 34222
163682 75440
137313 6586
137313 123590
137313 38449
69400 14730
69400 15219
69400 19061
69400 78356
69400 154845
69400 160925
69400 163801
69400 166330
69400 206109
198727 56528
198727 41072
198727 132594
198727 118381
198727 106127
198727 55832
198727 164254
198727 85879
181308 37066
150415 130687
106127 14835
106127 65198
106127 194992
47706 106904
47706 203729
108011 154001
105982 107661
173300 171197
133286 197854
106559 163684
106559 168093
86957 129422
86957 150851
86957 162602
86957 112673
86957 19507
86957 7034
86957 123452
77938 16530
189818 154001
129860 64091
129860 85308
134624 195852
179274 153590
179274 5624
179274 43485
83643 15219
193156 193156
93467 111076
128530 149917
85359 85359
28342 19154
152665 205828
152665 169564
82961 31536
35510 42584
151044 154001
143187 97105
96298 82849
110171 107655
110701 145989
199712 133087
109997 56322
89049 115501
195565 71729
165546 19001
165546 99696
165546 101409
165546 133037
165546 188112
165546 198167
184855 17134
184855 32572
184855 80388
184855 127017
184855 79302
184855 68951
184855 106214
184855 194095
138565 15219
138565 188553
138565 118374
138565 185015
138565 170314
132381 12741
76850 144814
184170 160989
110633 26318
172421 2982
16953 9026
16953 45120
144834 11244
144834 17134
144834 32572
144834 47802
144834 71718
144834 80388
144834 86674
144834 97652
144834 114354
144834 125329
144834 127017
144834 36973
144834 118374
144834 78356
144834 68951
144834 196181
144834 81152
144834 206109
144834 194095
144834 127453
179105 180630
113838 167080
91746 198462
116131 149748
175698 205123
113297 171320
154772 61494
154772 211030
154772 154001
154772 183838
154772 22091
154772 187034
26626 153627
6815 185776
57084 7485
9657 16358
30739 108802
186016 2039
186016 68805
186016 155728
186016 185688
36667 37419
36667 51362
207342 208775
21721 107567
174970 153627
7528 205140
7528 199878
7528 150362
7528 118438
7528 137228
7528 197712
7528 197509
7528 62271
140566 191389
140566 129334
165866 19001
75440 34222
75440 160033
75440 158297
75440 168825
191476 23887
76997 84946
174398 64938
174398 115735
174398 172240
133037 188112
147593 70344
123452 85264
123452 132637
123452 144368
19061 14730
19061 206109
19061 163801
19061 122963
19061 166330
19061 78356
19061 92838
79296 121640
97200 17008
130641 96784
130641 193594
196729 111045
21412 190782
54436 54436
56535 165958
138653 92301
71610 2039
71610 146408
71610 181099
71610 185688
8757 160613
127453 14730
127453 15219
127453 23887
127453 32572
127453 80388
127453 122963
127453 127017
127453 154845
127453 158571
127453 160925
127453 161964
127453 163801
127438 29404
114757 131821
69009 89709
165958 37419
165958 148452
171334 68790
171334 109501
198952 120404
37419 148452
37419 37419
86899 73370
86899 81895
86899 130004
86899 3917
86899 171161
86899 56575
200567 175671
199721 60358
39186 132637
39186 144368
198167 142922
198167 899
198167 57869
198167 166371
198167 77006
198167 130534
198167 188112
2039 6722
2039 79047
2039 153006
2039 2039
2039 62672
2039 146408
2039 164377
2039 9532
2039 22091
2039 72458
2039 196844
2039 70270
2068 117211
198075 19612
176322 39998
188042 160011
111694 113005
111694 54688
111694 56322
5766 154001
147894 37826
147894 178901
147457 36973
147457 80388
147457 79302
147457 147457
121187 159328
54594 95787
156197 115704
156197 131307
72650 59052
72650 92129
72650 76806
72650 195988
72650 190266
72650 196455
72650 93588
106214 13231
106214 17134
106214 32572
106214 50729
106214 73700
106214 79302
106214 80388
106214 82920
106214 102268
106214 36973
106214 194095
106214 158571
106214 127017
106214 160925
172172 188558
197070 180726
117946 72832
109793 153627
199151 22048
16640 142922
144060 191363
146965 40015
146965 89709
146965 128512
146965 160033
146965 86353
54902 166583
41960 92736
61528 12324
61528 130534
61528 17008
85689 108907
158967 90759
125329 11244
125329 23887
125329 47802
125329 71718
125329 78356
125329 68951
125329 210595
125329 160925
91377 129340
10500 123652
66259 114663
139006 22091
139006 79047
85805 56055
22559 66122
93567 29209
93567 108802
109188 111701
109188 160033
141055 141055
66125 177034
179579 130874
94598 63705
9532 9532
172390 7813
80230 188110
192317 82325
64091 85308
155550 36407
114354 32572
114354 53400
114354 80388
114354 82920
114354 189755
114354 29543
189523 125136
189523 187034
99696 48084
99696 188112
144368 150851
144368 162602
144368 7034
144368 19507
144368 98133
144368 129422
144368 206419
144368 121402
135840 131821
170314 32572
170314 50729
170314 99678
170314 210595
170314 188553
170314 185015
170314 2045
73068 73068
3694 46232
118438 65811
118438 121978
118438 199878
188022 185876
155101 31875
155101 122358
153651 14730
153651 17134
153651 32572
153651 78356
153651 79302
153651 97652
153651 127017
28327 118758
51828 139017
209480 103534
42584 126470
42584 204894
42584 63025
42584 40599
42584 109871
42584 35907
12892 22354
12892 125980
30905 30905
172240 6898
172240 13197
172240 64938
172240 115735
172240 118800
172240 184211
172240 143716
172240 127566
172240 49713
171507 205979
97111 899
97111 180460
101953 169596
150362 137228
150362 88368
89991 194828
199878 11448
199878 65811
199878 105221
199878 121978
199878 189175
199878 205140
199878 199878
199878 137228
199878 184142
199878 208605
196806 11839
196806 33133
196806 189781
196806 204674
196806 19154
10564 68951
10564 118374
10564 14730
10564 78356
10564 206109
132961 163684
132961 124625
193680 64706
74994 139766
122963 5464
122963 14730
122963 78356
122963 206109
35180 44032
47802 11244
47802 71718
47802 78356
194992 56528
194992 41072
194992 132594
194992 118381
194992 55832
194992 164254
194992 85879
122363 180726
134659 120955
198606 31506
198606 61041
198606 89981
198606 147286
198606 182789
68951 5464
68951 12882
68951 15744
68951 17134
68951 23215
68951 25375
68951 73700
68951 79302
68951 102268
68951 143478
68951 158571
68951 160925
68951 172276
68951 178260
68951 181304
68951 190699
68951 197509
68951 206109
68951 208392
158297 149120
158297 130625
26100 197951
136320 191524
136320 30644
136320 155257
38424 197124
38424 101802
38424 40583
38424 29543
38424 150718
121665 204474
130268 69867
97038 95734
170851 186009
93841 206560
130070 46448
55832 14835
55832 65198
55832 209306
156110 156110
44049 25921
44049 56322
148455 14730
148455 78356
149189 95893
192628 14835
192628 87593
192628 209306
192628 204674
192628 149826
105921 160989
200899 26942
47338 47338
12189 163982
12189 73228
12189 186333
12189 149966
12189 11239
12189 187666
12189 11878
12189 81984
12189 110871
12189 145791
209560 12441
73645 126356
141911 14906
6722 72458
6722 181099
29209 108802
161664 173721
66346 131367
75274 75274
167770 145859
164025 72245
120389 73093
141421 95254
141421 109824
136656 170652
78381 164312
94206 61998
57290 111170
182929 112685
120068 46202
12936 7139
79526 73700
164312 136508
66175 44876
66175 80494
66175 103534
98379 149422
153627 80335
153627 16134
153627 162922
153627 183178
153627 27193
153627 20991
153627 121026
57269 75333
118374 15744
118374 17134
118374 23215
118374 23887
118374 27000
118374 32572
118374 50729
118374 80388
118374 82920
118374 86674
118374 97652
118374 127017
118374 160925
118374 163801
118374 188553
118374 194095
6400 119558
152710 19154
152710 152710
24555 43485
42021 21638
118381 14835
118381 65198
205828 169564
85375 179647
66043 145040
74508 127542
61424 118334
209306 180726
209306 41072
209306 85879
209306 132594
209306 56528
65811 121978
65811 205140
63590 164136
153006 96780
153006 103534
153006 196844
35324 42292
185803 157915
61067 56322
12667 135337
12667 178889
22782 77006
22782 11453
22782 146314
22782 168273
22782 11239
167536 194165
5956 7485
132637 129422
132637 150851
132637 162602
132637 98133
132637 19507
132637 206419
132637 7034
132637 121402
132637 85264
142349 120404
70270 110606
70270 79047
70270 72458
70270 22091
70270 89164
70270 52539
194432 194432
92256 41243
92256 170984
92256 39638
92256 152463
92256 79394
3638 3638
3638 146260
122030 122030
81435 77232
140996 121731
178283 78315
66942 124846
73984 74510
123155 36973
169430 200986
174686 158145
130625 89709
130625 16358
130625 130625
14994 32954
65285 123696
140769 84935
117762 20991
117762 210516
189781 32646
189781 204674
189781 167569
189781 190723
189781 175993
189781 122965
189781 189085
189781 120113
189781 56132
181099 68805
181099 146408
181099 129457
181099 185688
180726 24277
180726 38436
180726 51009
180726 33313
180726 132594
180726 141354
180726 19154
180726 115704
180726 131307
180726 18841
62654 8000
62654 137515
62654 152790
62654 150718
34039 123590
31568 72832
86674 17134
86674 23215
86674 32572
86674 79302
86674 80388
86674 36973
86674 163801
86674 162849
86674 15744
86674 178045
86674 196181
86674 127017
86674 97652
86674 160925
86674 206109
14835 56528
14835 115735
14835 85879
76010 15410
61072 208775
61072 113639
61072 19001
30644 54019
30644 69676
30644 70375
30644 77396
30644 93757
30644 118044
30644 126871
30644 128169
30644 155257
30349 49800
166330 14730
166330 78356
166330 92838
78159 110348
150192 64351
150192 85264
11839 180630
11839 118342
11839 190723
11839 175993
11839 200809
11839 93302
206230 130004
22797 168606
129992 191799
22644 42095
160925 36973
160925 206109
160925 163801
160925 206104
160925 14730
160925 127017
160925 172276
160925 71718
160925 78356
160925 147251
160925 79302
160925 194095
160925 80388
160925 15219
160925 97652
160925 92838
160925 50729
160925 24535
160925 111470
168017 7485
11448 205140
25375 14730
25375 23215
25375 194095
25375 80388
25375 32572
25375 78356
6049 149615
35627 40425
68015 36973
10246 35114
30984 77141
34321 123365
111192 132598
10388 52608
180668 167569
111978 125980
200719 37826
200719 63176
160155 176403
113639 19001
113639 208775
36973 15219
36973 17134
36973 27000
36973 32572
36973 79302
36973 40583
36973 195766
36973 92838
36973 80388
36973 82920
36973 91460
36973 127017
197509 23887
197509 147251
14730 206109
14730 163801
14730 154845
14730 127017
14730 208392
14730 51875
14730 195766
14730 80388
14730 92838
14730 35629
14730 143478
86285 50166
111190 42775
44876 80494
62664 6586
62664 57773
62664 38449
62664 56575
137515 8000
137515 152790
107785 102902
149475 149475
112307 73993
99678 50729
57869 6918
105073 105073
84841 55724
115704 107567
110387 205140
94544 143655
27515 64351
15744 17134
15744 80388
15744 32572
15744 97652
15744 127017
96291 44128
23215 17134
23215 161964
23215 80388
23215 196181
23215 79302
23215 194095
23215 97652
23215 32572
23215 35629
23215 143478
23215 206109
98048 166583
67113 98133
72578 43574
198129 57383
102994 210516
75774 147749
54123 7485
43685 198724
187821 13580
54749 19001
54749 188112
149881 149881
198248 199856
190723 33133
190723 180630
70206 70206
176039 44513
176039 86643
93302 138383
93302 130004
115425 76991
19116 37156
186009 129150
186009 148452
186009 159867
45660 196150
168843 14078
198790 95002
166583 101460
128562 82325
123748 78540
135113 121978
130958 175671
38449 6586
38449 56322
38449 134401
38449 206109
60300 60300
39954 148308
107411 174774
192182 172678
113029 17134
113029 32572
113029 50729
113029 79302
113029 123365
113029 127017
113029 194095
148308 20188
148308 129588
148308 165181
40015 45033
40015 40015
40015 86353
26008 208015
168273 11239
168273 91602
168273 132070
168273 146314
71729 16743
71729 111701
70826 28353
44865 150718
44865 152790
44865 12054
91460 79302
91460 80388
164488 150718
164488 101802
164488 12054
118800 64938
124584 124584
155688 165067
24283 124281
197639 18772
197242 66340
23912 45576
23912 23912
4673 4673
137228 121978
137228 205140
174724 129114
127286 94283
84935 32887
188112 19001
188112 30196
188112 48084
188112 49234
188112 59848
188112 101409
188112 185088
121 154001
2045 188553
11379 118166
191524 54019
191524 69676
191524 70375
191524 77396
191524 93757
191524 118044
191524 126871
191524 128169
191524 155257
135754 82325
85879 56528
85879 65198
154001 106904
154001 86120
154001 187034
154001 100136
154001 126272
154001 7730
154001 1551
154001 144059
154001 125144
124945 131821
49913 99233
61041 15796
61041 129334
142184 19998
69676 155257
7485 20078
7485 60827
7485 74093
7485 83022
7485 97593
7485 192956
7485 193887
145152 58822
94975 46202
94975 330
79913 44797
191626 15150
206021 186167
166063 56322
81152 15219
81152 17134
81152 32572
81152 80388
81152 127017
93757 155257
194976 134814
194976 131307
65462 170026
143672 117097
172312 172312
172180 181923
114450 17666
121978 205140
121978 190115
121978 62271
196596 56905
106319 111701
189798 64760
1509 134814
102266 105037
189175 105221
189175 205140
23765 135337
23765 154854
23765 178889
54019 155257
9590 188988
9590 198943
66082 130719
61652 96371
169163 85189
169163 155874
123590 6586
193895 193895
194097 195313
96780 146408
96780 108089
96780 119280
167047 63176
119259 141374
18841 12012
18841 107567
18841 134814
207114 6586
207114 121237
207114 134401
76114 899
45819 89749
119280 110069
119280 196844
119280 148666
129966 57161
194828 193859
17666 153155
106989 121970
67923 2506
43683 180460
101956 46682
69377 40347
69377 69377
135337 46238
135337 20991
135337 210516
68933 68933
141374 202228
13197 64938
13197 143716
13197 184211
13197 115735
13197 49713
79047 22091
79047 72458
79047 79047
79047 103534
79047 106042
79047 183838
72832 5767
163801 17134
163801 23887
163801 35629
163801 78356
163801 80388
163801 97652
163801 127017
163801 143478
163801 206109
163801 163801
163801 202133
163801 178260
163801 92838
118554 203756
146260 146260
336 167569
45033 129334
91602 77006
91602 11453
91602 146314
160796 168649
159502 32474
40240 183539
37022 63083
167384 170940
194832 144282
190115 85355
210696 137891
196181 17134
196181 32572
196181 97652
196181 123365
196181 127017
73368 130053
5073 106042
170940 12054
92229 6961
208392 35629
208392 78356
208392 143478
208392 206109
103413 106904
204674 51009
204674 180630
48021 189095
149787 141532
149826 56528
149826 82849
149826 142922
44513 86643
134663 202228
10829 67132
78636 82325
87895 146670
113005 56322
113005 157111
113005 133645
127214 171863
57774 133003
124042 201956
37229 85010
197854 186824
45420 130874
79010 124354
79010 192232
6586 206109
6586 56575
6586 57773
6586 56322
6586 134401
70931 8139
99025 82325
110871 163982
19612 127537
19612 184884
24686 143231
100195 147749
4943 27588
188553 95421
188553 186711
188553 210595
172575 162602
118044 20991
118044 210516
118044 155257
141956 186333
122249 165181
64765 120352
157111 56322
78244 88767
18971 64321
210595 11244
210595 50729
210595 71718
19997 129090
19997 48423
148666 41767
148666 196844
48084 19001
48084 136568
48084 185088
105221 205140
6305 135895
155874 85189
147749 84731
147749 123990
50199 14851
85264 129422
181522 20188
181522 129588
134814 204691
134814 200809
147122 130874
47361 27655
145791 81984
145791 163982
145791 142536
133165 134531
22674 142922
25962 150325
127017 12882
127017 17134
127017 23887
127017 32572
127017 50729
127017 78356
127017 80388
127017 97652
127017 206104
127017 172276
127017 79302
127017 194095
127017 158571
127017 92838
127017 185015
127017 206109
185088 19001
45116 62486
126871 155257
185776 202401
185776 50130
34222 148532
32349 156056
58277 78352
88547 161758
99278 38425
80794 142607
41072 65198
203749 47724
144059 203729
118342 31634
118342 33133
118342 153914
185119 208038
130113 121731
111701 89709
111701 149120
89483 54399
202172 145457
126983 152553
98127 117412
175325 187635
171259 112465
97652 15219
97652 17134
97652 32572
97652 80388
97652 202133
97652 92838
97652 194095
95421 186711
122254 96393
122254 16743
122254 168825
36272 155499
139799 142916
62062 23887
62062 32572
62062 50729
184211 49713
184211 64938
184211 115735
50872 113862
101802 150718
101802 197124
82325 82325
174367 133645
75526 95002
131821 167167
186824 188326
149748 130534
166120 114963
166120 185015
185015 32572
185015 79302
95530 128512
145617 48666
106904 61494
203857 71008
48570 120383
16036 154312
16036 26750
16036 16036
16036 138443
16036 122650
188326 32887
73966 130435
51059 98150
178260 79302
178260 92838
149584 15123
187519 54577
172868 172868
11878 81984
19211 204242
78540 6512
19001 208775
19001 30196
19001 136568
19001 49234
50021 160033
129334 136568
129334 53347
129334 120646
84731 139136
36016 207633
47704 8519
93642 204157
131307 107567
131307 139763
154845 15219
154845 80388
154845 154845
15219 17134
15219 50729
15219 78356
15219 79302
199605 170229
22091 72458
22091 183838
22091 103534
22091 195313
69621 80727
129422 117613
200809 33133
200809 107567
20408 56322
116031 56322
9510 164555
33885 174645
143716 115735
122162 91806
20188 31548
20188 165181
20188 129588
41243 152463
8769 8769
204172 20607
111969 5464
111969 80388
111969 194332
111969 206109
160768 141869
28082 28082
28082 148482
189755 53400
153939 18936
64694 145889
64694 111470
123510 103534
52397 158594
33313 24277
129457 185688
173835 16905
53315 8218
80388 5464
80388 17134
80388 27000
80388 32572
80388 50729
80388 73700
80388 78356
80388 79302
80388 206104
80388 206109
80388 150718
80388 82920
80388 102268
80388 92838
80388 172276
80388 194095
206109 11244
206109 35629
206109 78356
206109 121237
206109 143478
206109 161964
206109 194332
206109 206104
206109 50729
206109 51875
206109 5464
185688 146408
185688 5152
185688 110069
185688 80494
185688 196844
54478 11244
50729 17134
50729 23887
50729 79302
50729 73700
50729 194095
50729 126096
50729 78356
128169 155257
129249 149265
32572 17134
32572 23887
32572 27000
32572 206104
32572 82920
32572 68998
32572 102268
32572 172276
32572 79302
32572 194095
32572 92838
32572 147251
32572 12882
32572 176064
32572 143478
203729 114732
203729 61494
180630 33133
180630 180630
180630 19154
132070 77006
132070 11239
132070 11453
132070 146314
160033 148532
19154 189085
109639 54660
186097 43619
11453 146314
72884 5518
87820 130534
62795 14568
50045 201779
11244 71718
54688 56322
148300 130110
85156 12012
61494 110861
110069 146408
194095 17134
194095 78356
194095 79302
194095 194332
194095 194095
194095 92838
89709 89709
31370 31370
91912 95666
23887 17134
23887 147251
169193 84036
143478 206104
143478 161964
143478 79302
143478 78356
143478 5464
132594 65198
153652 123068
138443 122650
189413 9673
35293 10023
118788 73228
82920 79302
50463 50463
196844 103534
196844 146408
185164 130874
65198 56528
23323 23569
200100 161964
141346 11467
161964 35629
161964 78356
112185 84981
163684 30873
163684 182456
168825 16743
41767 103534
20991 16038
20991 178889
20991 66059
20991 154854
138061 138061
144 56322
30873 30873
186711 114963
154312 26750
154312 122650
184038 145751
184038 167171
198943 198943
204691 107567
111616 208371
49596 97105
68299 168865
27000 79302
77409 83038
125980 98445
25921 56322
133518 33925
176956 153137
111544 122650
205686 186934
51733 51733
123365 162849
106042 72458
79302 17134
79302 92838
79302 102268
165423 164552
178889 46238
178889 210516
103534 72458
83273 83273
36407 114024
90579 92732
111470 145889
153162 86571
183838 72458
102268 17134
120646 195313
8000 152790
175993 33133
71020 71020
117899 143655
26750 122650
37826 122431
8519 88895
16038 66059
78356 35629
78356 206104
78356 51875
78356 195766
78356 194332
127566 64938
127566 115735
127566 127566
193508 130874
172276 17134
177103 183679
210516 154854
93643 87715
70113 139763
16905 16905
11239 146314
5464 119616
5464 35629
122650 122650
157598 19755
12882 17134
158837 158837
161747 161747
130435 75225
130435 72458
115735 49713
115735 64938
94536 29070
107567 138383
77396 155257
109686 76893
133645 56322
27785 42961
128512 16743
128512 86353
899 142922
186167 168473
84039 56322
10421 10421
180887 180887
70375 155257
154854 46238
14305 14305
152790 12054
114973 184846
174111 56322
86353 95749
150167 150167
31548 129588
150718 12054
150718 197124
189689 195313
192630 65036
54553 42898
165181 129588
92838 17134
64938 49713
195313 101529
195313 72458
204084 204084
28506 48423
72458 72458
35629 206104
17134 206104
