132051 149312
132051 42872
101793 96023
101793 192505
101793 21427
101793 42093
101793 100453
101793 22250
101793 3521
101793 130986
101793 34000
101793 51443
101793 119513
101793 193136
24229 41299
24229 90217
24229 103855
90134 90134
124544 89827
124544 188344
124544 176473
120538 89827
103396 89827
103396 147586
106447 120070
91825 44777
2780 91655
14476 108654
14476 98189
14476 106247
14476 194264
56298 199503
106195 45542
106195 18719
106195 170783
65018 180181
15851 173664
15851 19064
71145 108127
27330 85052
191016 189130
191016 139953
191016 106214
191016 111326
3978 174612
178426 187245
28802 163246
28802 169809
28802 190118
28802 182847
28802 32390
28802 125587
28802 201061
28802 135426
28802 195224
160719 43246
103009 3223
103009 151059
103009 140296
103009 172151
103009 54106
103009 27485
103009 99292
103009 96184
73963 120421
23789 4069
23789 25402
23789 90723
23789 185701
1509 72211
1509 154045
129281 129281
127154 91216
85052 12855
85052 103855
85052 149715
85052 474
85052 69181
85052 180333
85052 204345
85052 172151
85052 85467
85052 178969
85052 123914
85052 109896
85052 161056
85052 154292
85052 148055
85052 42269
141196 148198
96727 145136
139992 81654
30856 138202
30856 119783
201920 201920
107202 969
73337 82516
53057 107734
53057 186145
123208 61533
116985 61218
116985 98095
116985 98949
122036 18024
122036 139568
111748 5285
111748 28837
111748 47317
111748 67651
111748 161492
111748 157434
172977 82028
114394 140296
165854 140234
165854 13657
165854 175726
195616 27683
95576 75469
89389 89389
98189 184727
98189 106247
98189 135490
98189 155331
98189 156725
98189 194264
37981 62057
140226 192311
191268 142228
106649 32050
106649 46738
106649 95682
106649 127523
106649 162780
68400 78356
68400 130830
169061 89827
169061 161629
175726 53128
175726 194646
185407 25284
98123 68524
17332 156238
105939 184027
105939 142925
194575 73008
194575 151124
194575 179740
194575 151786
194575 201803
12830 53920
12830 109763
133539 133539
126251 7761
126251 13735
126251 19997
126251 48423
126251 149424
126251 175013
193305 90129
79568 79568
42722 17337
42722 81619
135223 25402
29135 110776
149781 106247
162846 207775
68592 188266
137806 194646
45068 134164
35315 59349
139935 4686
194155 160824
169312 97577
169312 53169
169312 142482
197541 93223
197541 181971
114252 16514
171443 25402
171443 196961
29748 39550
29748 46738
29748 95682
29748 145164
71676 145136
62447 72832
200655 47190
23980 209374
147412 122029
64059 24440
124689 203656
10373 25402
10373 205435
113606 58043
66716 25402
66716 196961
3862 163799
53080 171901
54777 193939
140234 82299
140234 182573
140234 4820
57071 209677
202136 65672
48423 19997
48423 13735
48423 149424
48423 175013
48423 7761
48423 166249
169877 14407
169877 30505
169877 34222
169877 37241
169877 40076
169877 52007
169877 79844
169877 87285
169877 98918
169877 100127
169877 103532
169877 124930
169877 43095
198932 34267
38779 124805
29563 139277
47817 47924
203708 73380
73176 63274
41696 168235
200400 2304
200400 6526
200400 11343
200400 43196
200400 99976
200400 146089
200400 183567
200400 204345
200400 105994
200400 200400
83836 63941
71378 110198
118085 130483
24696 141356
27416 70313
170492 62057
170492 148119
21868 145136
192243 148985
27626 6526
27626 12333
27626 199800
27626 16113
27626 85467
27626 196844
27626 210478
27626 148055
63574 63574
6893 137904
6893 107298
6893 127523
6893 51785
6893 113025
6893 47664
6893 60209
6893 89553
6893 47902
6893 95682
6893 156328
6893 16093
6893 103807
6893 202496
6893 176133
93914 78942
145599 102832
145599 116774
145599 195019
145599 202231
16542 58478
3230 44402
76194 149856
46924 152321
46924 133348
46924 122006
46924 53066
46924 146123
46924 89827
46924 195765
54197 192019
130293 19702
91728 97017
91728 18
91728 145000
91728 25587
91728 46212
91728 63217
91728 44402
91728 19807
91728 129471
91728 106214
91728 150650
91728 31152
91728 78983
91728 156319
91728 19418
91728 88856
91728 104023
91728 201135
91728 21770
91728 55353
91728 160864
91728 12696
91728 78356
91728 148738
91728 162669
91728 138049
91728 36614
91728 130830
91728 59816
91728 134751
152919 12696
152919 78983
152919 88856
152919 97017
152919 112189
152919 113151
152919 130830
152919 145000
152919 175537
152919 175793
113751 2304
113751 22050
113751 118776
4358 124805
174803 29548
174803 103751
174803 127516
63417 39006
63417 61073
63417 17636
63417 172151
44734 92527
56529 187656
176369 25402
176369 158003
176369 176398
176369 137326
176369 129428
176369 108634
176369 196961
82265 94635
89070 62021
157851 208146
158707 191286
140406 140406
207064 33693
21621 194049
83815 198216
111326 12696
111326 68780
111326 74697
111326 78356
111326 78983
111326 80047
111326 104023
111326 130830
111326 197947
111326 145000
111326 138049
111326 150650
207037 3725
207037 29548
207037 124918
207037 140929
40804 192472
208826 45542
104909 151518
104909 194832
202430 139508
57551 26479
61864 22812
61864 146698
147106 2875
85182 4069
85182 26884
85182 49784
85182 81444
173664 97529
149061 89827
149061 198837
29159 135922
29159 91515
153375 23151
153375 132448
153375 39857
17862 28113
185108 129073
185108 18719
185108 132448
146949 38449
146949 75974
146949 16052
146949 68044
124678 30531
124678 177622
69238 33504
69238 52050
69238 164812
23431 23431
184753 58496
184753 205414
80973 163799
154027 42578
77427 143323
24561 82359
24561 73585
24561 89827
115362 170183
54548 142271
43246 56368
147752 41863
39070 132602
168948 77671
196420 69181
196420 136111
196420 99976
196420 105994
142036 82359
142036 89827
142036 195765
47943 80429
47943 139277
47943 153376
40395 125162
177165 3223
57637 73380
88180 137803
197231 89827
197231 105500
197231 208097
114685 20056
134192 47317
136111 12333
136111 16113
136111 69181
136111 69298
136111 75460
136111 94944
136111 99976
136111 105994
136111 108388
136111 199800
136111 183567
136111 77729
136111 146089
136111 148055
136111 161899
136111 162202
136111 196844
136111 204345
164394 193992
164394 134305
131912 151649
131912 7785
131912 84763
131912 150550
111320 74473
111320 202639
46418 86143
167768 167697
151649 121327
151649 136464
151649 179740
82299 41442
82299 182573
196313 7336
31233 123504
118776 52968
118776 92229
118776 25105
118776 19533
118776 98448
118776 174555
118776 190226
118776 108133
49509 90739
140701 12696
140701 106214
140701 44402
140701 31152
18378 18378
18378 19471
62326 22955
62326 51934
62326 122767
176133 46738
176133 95682
176133 122678
176133 127523
176133 162780
176133 16093
117145 89827
117145 122006
117145 147586
144322 62426
42712 167798
21560 91223
203519 12696
203519 55353
203519 162669
203519 163236
84123 67651
85986 12696
85986 97017
72363 146123
72363 89827
16482 44777
175876 64558
186029 13735
13914 87596
13914 139277
180001 81151
137326 25402
137326 196961
193136 107631
193136 189130
162346 101147
125882 17518
61218 99007
145809 15611
47317 4719
47317 29604
47317 86172
47317 71661
47317 163279
47317 161058
47317 161492
47317 67651
47317 157434
130468 93003
7979 210943
7979 89942
61260 61260
132325 110305
157753 88503
39857 129073
39857 18719
39857 132448
163246 1160
163246 201061
163246 12054
125568 57859
853 113736
168711 71144
88640 61073
88640 159838
195799 25402
195799 196961
130192 38653
2737 64544
2737 79844
155331 116216
135048 193335
27918 12696
27918 21770
27918 25587
27918 78983
27918 113151
27918 130830
27918 145000
147075 21153
90085 13961
155483 66268
190226 2304
145136 50662
145136 124352
145136 119495
145136 98542
145136 32719
145136 152446
145136 10969
113290 38482
192565 72832
148055 2304
148055 6526
148055 13909
148055 69298
148055 72855
148055 95439
148055 109896
148055 138461
148055 16113
148055 210478
148055 96357
148055 165580
148055 192949
148055 69181
148055 156725
148055 183567
148055 108388
148055 99976
148055 43196
148055 35044
148055 77729
148055 148055
148055 47407
148055 149715
148055 204345
148055 11343
187318 106202
193597 81765
193597 108399
193597 118094
193597 193597
193597 146882
193528 16093
193528 91308
193528 127523
193528 95682
63941 126439
63941 31732
63941 155662
63941 93581
57709 109800
48250 162502
135640 4893
182787 206194
100332 122185
162202 15841
162202 6526
162202 35044
88646 96060
64892 59145
64892 192053
64892 75853
186741 162041
186741 182596
186741 186741
47407 35806
47407 40076
47407 69859
47407 83398
47407 102832
47407 205800
29689 50296
29689 146331
29689 42894
29689 102832
29689 165357
168103 133529
163653 72748
179759 123078
45578 105371
193549 56370
128717 32826
59208 154447
282 201501
34191 104305
34191 104641
22642 192463
21427 189130
1446 175136
100645 100645
145031 13657
145031 90217
145031 132448
145031 18719
145031 129073
145031 181686
188161 79586
165405 79516
42274 22821
63749 180829
194733 41519
109829 156893
109829 70479
109829 133434
198837 68564
198837 86324
198837 89827
198837 195765
115953 149382
43095 8540
43095 27405
23747 104023
162669 12696
162669 19418
162669 44402
162669 46212
162669 78356
162669 78983
162669 88856
162669 97017
162669 130830
162669 145000
162669 150650
162669 163236
195499 80630
138202 87179
138202 119783
138202 184751
64308 199539
22829 62021
22829 44085
22829 60209
22829 120507
175670 178969
183148 47924
179048 103674
89827 1693
89827 13336
89827 31429
89827 45935
89827 49657
89827 68564
89827 69435
89827 73839
89827 78148
89827 86180
89827 86324
89827 141626
89827 187827
89827 105500
89827 184485
89827 41156
89827 112090
89827 122006
89827 179966
89827 187095
89827 124429
89827 185526
89827 64303
89827 146123
89827 82359
89827 36491
89827 112381
89827 161629
89827 23345
89827 118059
89827 177374
89827 115566
89827 40978
89827 18307
89827 113323
89827 98409
89827 195765
89827 55396
89827 53066
89827 73585
89827 129064
89827 44883
89827 188344
89827 101787
89827 152073
89827 157694
89827 166971
89827 131627
89827 167725
89827 17192
89827 181707
89827 64696
89827 144875
89827 133348
89827 136442
89827 148260
35806 83398
73849 132105
137001 195638
151323 43542
91308 41833
91308 42111
91308 46738
91308 95682
91308 127523
91308 145164
91308 162780
78022 201194
7745 2971
7745 13735
24652 161899
127258 58672
72832 32992
72832 37143
72832 80399
72832 190195
39934 34222
151252 91254
151252 190118
151252 155376
151252 125587
68438 47461
9402 147991
112090 195765
6032 67123
166780 34741
175069 175069
37370 43338
194738 4719
194738 110198
181971 108133
181971 141004
181971 170315
181971 96023
181971 151306
181971 169004
42306 130986
4983 85391
18307 36491
137291 72401
83665 969
175267 26020
97466 17107
97466 119930
97466 63471
97466 184756
14407 100279
14407 34222
14407 52007
14407 87285
14407 103532
60236 38424
60236 42412
60236 122119
208206 29016
140022 54850
198542 25402
198542 205435
190118 12054
17532 79347
192019 87181
144875 179966
89394 53743
108318 73008
108318 201803
108318 179740
108318 151786
192089 97124
47398 50648
60515 83385
99007 45542
99007 98095
21920 11963
126414 94381
149267 195762
206781 206606
101787 41156
174727 65024
33672 9921
196844 2304
196844 11343
196844 35044
196844 43196
196844 99976
196844 108388
196844 165580
196844 183567
196844 199800
196844 69181
196844 210478
70854 117477
70854 110776
205296 3227
94720 180810
48768 198305
48768 147472
48768 147441
48768 174562
48768 187959
67086 110198
20487 94052
59816 12696
59816 112807
59816 106214
59816 138049
59816 31152
124429 105500
33793 5876
33793 117939
69298 210478
32340 175136
133535 90488
133535 2304
133535 135206
110658 130830
110658 176801
110658 196486
30189 49030
38449 63117
38449 75974
38449 94381
2303 118000
2303 139508
185701 4069
185701 25402
185701 90723
185701 122761
185701 172480
185701 199800
188090 18705
188090 37446
188090 141889
188090 171868
157462 156043
14802 201487
14802 163799
35969 18719
20630 44402
20630 78356
20630 88856
20630 130830
85214 27067
26585 164812
26585 32664
26585 52050
37497 97644
192311 129018
192311 152994
206441 59242
145975 118292
169685 131728
165838 133044
87285 34222
87285 52007
87285 79844
87285 64544
87285 98918
87285 109800
20021 54940
123239 73730
123239 47427
123239 111305
100453 189130
200629 112698
118249 20088
118249 25096
118249 69434
118249 158785
118249 187061
118249 196961
201487 148732
201487 199101
153668 163308
143133 164439
31173 19471
31173 76671
31173 75974
31173 161579
24123 89368
24123 61073
81238 206194
84763 46839
84763 65672
84763 150550
84763 84763
164669 184652
158446 82874
193288 5143
193288 161340
193288 165888
193288 193291
139508 63732
139508 91558
139508 117618
139508 118000
139508 208214
174756 13735
174756 190774
35181 21720
35181 200514
171157 171157
20991 2971
20991 13735
20991 16038
20991 119291
20991 64554
20991 153879
203717 123590
12176 207601
2247 42111
2247 46738
2247 95682
2247 127523
2247 162780
32534 88954
129064 118059
193076 206606
122795 5285
142894 4875
128441 29548
165723 2637
126642 84211
126642 118450
36258 163615
193833 58013
123506 32520
206606 10331
42093 38487
42093 189130
42093 192505
56762 32674
56762 149715
76812 194690
42699 12696
42699 44402
42699 106214
42699 119028
42699 138049
78417 83803
136779 30635
144257 46787
129170 21964
167797 167797
74473 183234
197947 78356
197947 130830
197947 57437
197947 18
197947 104023
197947 59737
63828 34890
40035 2622
134088 183953
81712 81712
188893 199094
158224 78438
137308 44043
92979 165625
166402 12696
166402 19418
166402 78356
166402 88856
166402 113151
166402 130830
91558 118000
157685 32520
157685 113151
157685 130830
139973 53586
115169 122479
190774 72855
190774 178880
207231 61073
207231 93581
207231 17636
87691 87691
160079 157434
59001 182573
208097 195765
208097 105500
182663 119648
127307 127307
185544 201061
48411 176765
16008 69859
34890 16093
34890 89553
131274 171071
122185 198468
122185 201814
50590 50590
119780 179518
121468 162459
136685 39006
140929 25267
140929 140929
188922 112505
162459 124203
162459 195019
16052 75974
16052 94381
113181 193626
113181 61073
113181 34121
113181 17636
113181 39006
113181 38430
77729 2304
77729 11343
77729 35044
77729 43196
77729 204345
77729 99976
77729 108388
77729 146089
112698 194264
73220 90556
176801 130830
176801 196486
44119 25402
44119 196961
95858 69702
95858 126360
95858 176061
161680 156840
21960 10272
21960 66707
58013 165888
141626 40978
141626 73585
79701 27936
178215 22248
178215 123264
95439 32674
95439 12054
95439 149715
95439 110835
95439 46335
95439 178969
95439 474
77282 137539
46738 41833
46738 51785
46738 39550
46738 65811
46738 34750
46738 113025
46738 47902
46738 103807
46738 60209
46738 202496
46738 67817
46738 16093
46738 8032
46738 95682
46738 127523
46738 178227
46738 183565
148179 79400
151442 78356
151442 130830
151442 104762
159712 193723
209410 96970
168002 11962
83855 67610
179666 59501
86106 122852
68564 86324
68564 195765
25132 42016
123180 32515
157119 159197
42578 133521
103532 34222
103532 79844
103532 52007
128989 130553
126425 55007
126425 146331
109686 64558
118000 117618
50268 147991
183567 2304
183567 6526
183567 11343
183567 35044
183567 43196
183567 80766
183567 99976
183567 102606
183567 105994
183567 108388
183567 109896
183567 138461
183567 146089
183567 165580
183567 196896
183567 204345
183567 210478
109896 15187
109896 23754
109896 149715
109896 474
109896 171683
109896 178969
8032 67817
8032 95682
8032 127523
8032 162780
8032 183565
17818 189130
148260 136442
194341 120681
9752 96529
104489 31013
111453 116576
111453 205554
107298 95682
40212 29548
62775 42090
19471 75974
19471 63117
19471 94381
102560 193353
12043 78356
12043 130830
12043 145000
12043 175793
141082 2971
141082 13735
141082 80555
141082 119291
141082 64554
141082 123545
30063 47089
176341 152954
176341 123590
25841 166636
91010 95756
16922 140443
187048 30020
185499 195224
176984 165884
176984 174562
176984 184179
176984 93119
138685 45542
128578 57112
182299 48851
1015 120190
49305 143530
73700 31152
73700 19418
73700 138049
73700 44402
73700 106214
41769 146331
39006 34121
39006 89368
39006 61073
39006 156300
39006 172151
175779 2806
156725 135490
156725 108654
142563 30505
142563 63976
142563 205414
142563 142563
105924 29652
141811 49389
141811 193377
161610 35529
46729 121999
53136 206597
176636 7274
169765 106247
122119 38424
122119 42412
6534 184957
189130 192505
189130 119163
189130 22250
189130 34000
189130 3521
189130 130986
189130 51443
189130 119513
969 88318
969 157434
969 28837
67651 88318
67651 157434
67651 50822
67651 125757
155677 137857
170410 174562
37446 81921
37446 107990
37446 141889
23269 43305
7624 93223
7624 151306
7624 169004
7624 141004
7624 170315
99976 2304
99976 11343
99976 35044
99976 43196
99976 75460
99976 80766
99976 165580
99976 69181
99976 196896
99976 204345
99976 105994
99976 108388
99976 146089
161629 195765
113562 113562
29548 29548
29548 3725
164399 122652
59353 37844
59353 112860
210960 69655
181812 2971
181812 13735
181812 37286
190353 61571
63217 129471
138049 11993
138049 12696
138049 19418
138049 31152
138049 44402
138049 46212
138049 88856
138049 106214
138049 119028
138049 130830
138049 134751
138049 150650
138049 156319
138049 206707
171168 91655
158941 34741
13735 2971
13735 7761
13735 132021
13735 149424
13735 13699
13735 55258
13735 19997
13735 39341
13735 175013
13735 80555
13735 166249
13735 22050
13735 25724
13735 170962
86180 184485
147919 72297
91460 36022
91460 44402
177054 159603
39312 119909
11687 84429
11687 100153
55353 8527
55353 25587
55353 44402
55353 112807
55353 104762
55353 78356
55353 97017
55353 130830
109145 31759
97169 73590
97169 199101
152511 60875
130968 150500
33496 123974
167056 55726
31732 174084
43133 167378
62612 9271
87484 90217
87484 201776
21770 3720
21770 19418
21770 12696
21770 78983
21770 89966
21770 44402
21770 25587
21770 184330
21770 199969
21770 97017
21770 130830
153989 85069
103394 55275
210492 4899
111305 101869
124203 153868
124203 67044
12283 74014
80399 190195
50890 82485
175537 78356
175537 113151
175537 130830
175537 18
129327 122420
185318 68988
185318 150928
168921 168921
194264 108654
203393 132845
35242 142713
152994 4719
152994 23865
152994 53806
136308 55839
85277 58646
107990 81921
42800 12696
42800 44402
42800 72391
23728 31078
9536 42419
158023 55892
44308 16833
34006 110198
108388 2304
108388 149715
108388 108388
108388 69181
108388 196896
108388 16113
108388 204345
108388 43196
108388 35044
108388 105994
108388 96357
61824 82820
61824 185096
187911 115229
4069 122761
4069 172480
4069 148738
4069 40960
84332 197101
197398 203304
164351 65771
104862 181670
102315 151662
132346 172524
132346 167798
123191 45042
181235 115253
76031 62535
121518 181009
66694 17399
186584 157689
125757 210375
125757 161492
125757 157434
32902 119291
148121 67019
39145 12054
39145 112666
39145 108127
136583 104641
75853 192053
68117 189864
146911 181624
73008 21502
73008 152899
73008 136464
73008 151124
13027 61073
13027 34121
30036 15841
30036 185776
30036 191803
30036 193992
30036 134305
98095 42975
98095 174507
98095 74842
98095 33313
98095 98095
98095 122792
98095 3521
98095 37286
98095 161804
98095 31157
171901 65515
94944 94944
198305 31181
198305 136464
198305 198305
26457 18702
185774 199969
199969 8527
33504 164812
33504 32664
33504 52050
175788 139277
65404 163799
94381 33681
94381 198211
94381 76671
94381 162469
94381 75974
94381 68044
94381 84245
69434 94460
69434 201985
69434 194646
16152 115787
202496 32050
202496 41833
202496 47902
202496 95682
202496 122678
202496 127523
202496 162780
185805 84056
163799 100862
163799 103790
163799 133062
163799 63177
163799 202118
29343 91223
95682 32050
95682 41833
95682 47664
95682 51785
95682 103807
95682 89553
95682 39550
95682 189199
95682 145164
95682 65811
95682 34750
95682 197936
95682 113025
95682 47902
95682 16093
95682 60209
95682 137904
95682 67817
95682 127523
95682 156328
65449 54099
58048 2304
58048 204345
184751 87179
141209 93223
141209 151306
141209 169004
141209 141004
141209 170315
141209 202394
50587 202045
55581 91216
98918 34222
98918 52007
98918 79844
140559 179345
31106 52324
64716 131480
64716 13549
64716 165551
185398 145948
184855 11993
184855 19418
184855 106214
151578 189160
123592 191591
25587 12696
25587 112807
25587 145000
25587 89966
27485 34267
14972 63691
79141 181109
88121 12088
201061 12054
201061 32390
201061 1160
176839 687
176839 116572
196517 40364
168485 74920
25252 194808
42894 205414
42894 157350
42894 58496
42894 138395
158029 27760
54043 12696
54043 145000
54043 44402
54043 130830
54043 113151
32577 68670
47115 165888
94647 21480
130132 162373
130291 183886
134751 11935
134751 97017
134751 31152
134751 19418
134751 46212
134751 44402
134751 106214
49657 187827
1693 82359
1693 53066
129428 25402
129428 196961
170315 93223
170315 151306
170315 86461
96697 145324
38424 42412
35477 110968
28278 45542
28278 170783
160299 122260
77845 74141
11077 74294
142569 33313
151635 137529
152954 11993
142978 142743
142978 92229
104205 178097
111829 111829
4215 26778
170851 45542
170851 69423
154914 58014
66117 175579
176919 75974
183886 105371
122785 134305
122785 185776
82687 102026
53066 82359
53066 112381
53066 133348
47664 41833
107687 125587
123078 141316
74172 81982
74172 204552
88939 72211
88939 187151
88939 137529
53806 110198
53806 129018
180413 44351
32664 52050
122767 51934
122767 188047
3136 110198
61692 196663
120275 183384
196058 98253
148374 187173
192505 22250
192505 34000
192505 130986
82028 36022
193291 23483
193291 165888
193291 72253
193291 155662
112513 167682
110968 198576
106214 12696
106214 19418
106214 44402
106214 46212
106214 74697
106214 80047
106214 88856
106214 156319
106214 31152
106214 206707
172161 35131
147236 176220
46212 8527
46212 12696
46212 19418
46212 31152
46212 44402
46212 88856
46212 150650
56238 117691
65671 25724
65671 202394
1807 1807
150275 32648
150275 137024
29604 157434
172480 25402
172480 90723
36022 11993
36022 175793
2809 178916
105500 98409
105500 195765
105500 73839
66254 74436
105994 2304
105994 11343
105994 35044
105994 43196
105994 69181
105994 204345
105994 146089
196317 10619
196317 154907
74697 156319
74697 11993
74697 74697
38060 106181
199921 97792
166249 7761
166249 19997
141004 93223
141004 186853
6526 149715
6526 196896
6526 43196
6526 204345
6526 15841
6526 210478
6526 96357
6526 80766
50822 4719
46170 46170
150928 68988
96184 81076
96184 177171
167730 151518
22250 22250
22250 38487
139277 151656
139277 143986
139277 53277
139277 206868
139277 33015
139277 20855
139277 21034
189215 182100
111490 140015
149382 95064
84880 163724
3223 2570
3223 64943
141134 137024
27363 46839
102213 101951
118140 6655
129852 120069
115384 178527
33968 65734
79639 93350
189199 41833
189199 127523
189199 145164
189199 677
122761 25402
122761 48191
122761 90723
579 55839
74258 12696
43338 198576
43338 90500
146434 112976
134882 134882
183823 46941
96422 78356
96422 130830
96422 145000
36863 45364
156893 2342
156893 20557
156893 91234
43720 170183
119001 133940
59049 59049
153822 126858
95886 62312
151518 92377
151518 33313
16514 138750
13020 178173
174623 106247
156328 127523
61073 34121
61073 38430
61073 50589
61073 159838
61073 108970
61073 17636
61073 172151
61073 180544
61073 182660
61073 206733
3744 113253
54175 48395
146882 108399
146882 118094
165580 35044
5143 97058
5143 128282
137904 127523
87569 87569
123914 210603
155662 97058
155662 165888
57227 122260
89010 129018
36297 123590
177377 184326
4899 4899
185144 31152
61296 6827
112807 3720
112807 36614
112807 78983
112807 97017
112807 57437
112807 44402
112807 104762
112807 148054
112807 150650
102832 58496
102832 83398
146697 25402
146697 197120
133434 6827
133434 48895
133434 75974
133434 84245
133434 179421
9846 54027
141356 25724
8670 5296
187444 7351
5285 157434
5285 28837
5285 4121
5285 161492
137801 32648
32826 42458
7385 28842
7385 204294
199995 68541
166227 13796
58722 25402
42302 38249
155804 135426
155804 195224
156319 5251
156319 12696
156319 19282
156319 19418
156319 78983
156319 80047
156319 97017
156319 130830
156319 150650
156319 44402
156319 178620
210478 2304
210478 199800
210478 16113
204345 2304
204345 15841
204345 35044
204345 43196
204345 69181
204345 80766
204345 138461
204345 146089
79166 103855
8361 124225
182325 26827
47924 141316
106247 44754
106247 98949
106247 108654
123590 81444
123590 84245
123590 114760
123590 168819
156043 118736
40076 27405
40076 180736
40076 137590
40076 152922
153418 23570
203310 206597
35667 35711
81157 112860
112666 108127
73590 199101
161320 110198
141316 79844
75461 75461
110430 137024
80555 2971
80555 119291
80555 64554
160864 97017
87971 50120
162989 159982
35223 2092
35223 165227
29113 130099
179380 97172
148732 35017
149813 192603
71465 194646
152321 179966
63204 18047
149595 141889
119783 86172
172151 34121
172151 17636
172151 38430
10619 8289
10619 205235
10619 154907
153097 114424
65811 42111
65811 51785
65811 60209
65811 127523
65811 178227
167652 145003
124097 155586
101951 123264
20058 76150
168965 45542
168965 170783
35081 25740
145164 41833
145164 127523
145164 39550
145164 16093
206194 56876
193626 104305
193626 151059
163750 153959
194646 86396
185665 95064
12456 173638
42975 31157
103855 2570
103855 112667
87965 60182
199800 2304
199800 133225
199800 16113
199800 85467
107271 82820
104305 70479
102606 127858
174269 159838
182834 197468
175013 7761
175013 19997
175013 149424
169809 135426
166179 25402
166179 205435
167725 195765
153879 25402
153879 196961
56368 56876
178137 95126
166441 176212
44402 3720
44402 8527
44402 11993
44402 12696
44402 19418
44402 31152
44402 36614
44402 80256
44402 150650
44402 78356
44402 78983
44402 88856
44402 104023
44402 140518
44402 163236
174555 2304
143737 143737
138395 76150
138395 71661
138395 4074
86396 20088
86396 25096
86396 25402
86396 26343
86396 180442
86396 187061
86396 197120
49140 109647
122479 65518
159323 127522
107137 55212
32546 32546
122678 51785
122678 113025
122678 103807
122678 16093
29304 99075
18705 49542
18705 141889
175793 3720
175793 36614
175793 113151
175793 130830
175793 97017
175793 145000
175793 88856
175793 19418
162239 2421
156523 133118
68044 75974
147144 38082
106329 153594
136288 2342
136288 2570
185226 207117
200047 58496
132973 95064
168619 138584
8180 113130
169004 93223
169004 108133
166309 78356
80047 11993
11246 172432
78356 3484
78356 3720
78356 47615
78356 61966
78356 97017
78356 57437
78356 18
78356 145000
78356 88856
78356 207330
78356 140518
78356 36614
78356 130830
78356 150650
78356 115229
152922 10272
73419 195040
81765 108399
81765 118094
37286 136464
93581 206733
135296 136247
179229 32050
179229 93506
187044 22820
102749 111107
154045 168142
154045 132448
154045 18719
154045 129073
154045 23151
154045 100536
154045 12642
89942 210943
132350 162373
184330 12696
184330 36614
184330 97017
186626 8802
51785 60209
51785 127523
51785 162780
51785 178227
183330 48075
183330 125809
181574 82820
138461 35044
138461 43196
138461 146089
185133 93506
193377 49389
100131 161380
100131 23483
190705 40304
127392 110198
99274 104762
155376 194720
155376 125587
110199 53537
15220 41111
182857 157434
141109 31174
2570 18789
61505 144248
51327 104503
128282 136035
100320 141889
202639 21228
117150 129073
117150 18719
117150 132448
174562 130774
80429 129073
80429 18719
80429 132448
80429 12642
91757 59437
35044 12333
35044 16113
35044 2304
35044 43196
35044 35044
35044 96357
35044 146089
119028 12696
119028 31152
88770 88770
18 78983
18 12696
18 88856
18 112189
18 113151
18 130830
18 145000
42111 67817
108824 168211
167275 138968
100153 84429
204213 125223
141397 153594
26931 8050
58496 165357
23151 45542
23151 170783
43915 43915
4986 9000
164220 86172
4799 34587
99292 34267
5416 92513
5251 19282
5251 78983
10573 202045
134305 185776
134305 193992
134305 105549
24534 90217
24534 182573
36614 12696
36614 32520
36614 97017
36614 57437
36614 179962
36614 72391
36614 178620
36614 130830
46529 195765
165357 10272
165357 146331
165357 165884
165357 205414
111595 149809
170268 73960
59242 12054
31429 13336
168111 1264
162780 34750
162780 47902
162780 103807
162780 102969
162780 16093
162780 67817
35747 76760
107385 137857
96023 93223
96023 171061
148054 12696
148054 78983
148054 104023
184150 184150
80256 12696
80256 19418
155737 103670
155737 138178
45073 89487
172388 87245
163320 71836
3484 130830
3484 145000
63177 34267
37241 37241
61966 130830
107300 66924
130675 27795
131319 82820
137913 85906
204352 142884
27977 1264
64544 109800
64544 112818
64544 160246
91234 20557
91234 48895
58343 64725
206458 82135
194876 194876
10272 180712
81921 141889
97017 8527
97017 12696
97017 57437
97017 112189
97017 72391
97017 88856
97017 185460
97017 112257
97017 97172
97017 78983
97017 48351
97017 199094
97017 11993
97017 179962
97017 130830
134284 182596
185096 82820
33681 75974
65375 186844
119257 165893
126500 80476
87614 94709
80958 148694
16093 34750
16093 41833
16093 67817
16093 127523
16093 183565
157434 28837
157434 161492
55103 89736
109800 34222
109800 79844
109800 146331
66707 179778
66707 69859
33313 31157
159322 81982
97577 142482
97577 53169
97577 120421
142549 20248
93223 151306
93223 108133
182573 181686
196961 158003
196961 23644
196961 30086
196961 119461
196961 176398
196961 108634
196961 63976
196961 87729
39105 199101
144463 144463
195765 147586
65744 88856
138430 110267
110198 15952
110198 18789
110198 23977
110198 167798
31152 8527
31152 11993
31152 12696
31152 19418
31152 148738
31152 78983
31152 88856
31152 89966
31152 130830
31152 206707
183107 96
13657 25724
24022 164447
159807 194858
93910 13446
78983 11993
78983 12696
78983 19282
78983 150783
78983 150650
78983 178620
78983 130830
147759 71006
91809 173228
48925 174084
135490 178601
118094 108399
178906 178906
116700 101108
97484 17815
195224 125587
195224 135426
176398 25402
19713 179518
133364 171763
127263 192183
122585 124252
61533 61533
61533 183378
138690 130830
138690 145000
2092 165227
2092 85443
145000 8527
145000 12696
145000 112189
145000 113151
145000 129471
145000 130830
145000 150650
72340 56338
125809 185607
185607 185607
158003 25402
168142 45542
168142 170783
134164 120627
134164 123264
134164 198802
134164 22248
167865 167865
4719 19622
4719 129018
199349 179424
137857 145382
90217 4820
143180 62057
205709 154352
115229 88856
28656 8513
170783 174507
170783 74842
170783 161804
170783 132448
170783 18719
149715 15841
149715 69181
149715 105549
191803 193992
87596 92377
197635 69226
19997 7761
19997 149424
137642 209946
208197 202045
115588 104762
16120 21867
99876 52050
182529 161817
34222 79844
34222 52007
34222 56914
34222 69859
34222 69037
162504 25402
162504 45542
162504 205435
106642 2183
72253 97058
72253 165888
116774 79844
116774 27405
116774 19533
138584 25402
138584 186490
138584 205435
126452 105732
104023 12696
104023 19418
75974 162469
75974 76671
75974 81444
62057 183378
149891 139432
76293 83505
113025 127523
12642 45542
12642 98949
72391 57437
116572 687
43196 2304
43196 11343
43196 12920
43196 16113
43196 167308
43196 196896
43196 75460
43196 146089
146089 69181
146089 196896
146089 2304
146089 16113
87904 64943
6961 92229
98322 209657
127523 41833
127523 34750
127523 197936
127523 47902
127523 60209
127523 103807
127523 67817
64558 55007
133970 150435
139980 154431
104970 78257
47902 34750
142061 54940
183565 67817
10599 10599
23754 175458
150435 123421
98647 147568
174888 142518
138204 18719
138204 132448
169703 81982
169703 204552
163236 3720
163236 130830
163236 150650
163236 19418
63976 25402
63976 27405
63976 28842
63976 169068
179740 21502
179740 136464
179740 151124
179740 152899
179740 116454
151059 61494
55839 18376
30828 30828
52050 164812
52050 177525
201803 21502
201803 92377
201803 151124
201803 152899
71098 50662
71098 71098
186070 92513
69037 90556
45542 174507
45542 74842
45542 178880
45542 161804
45542 129073
45542 154483
45542 132448
45542 18719
191272 36442
38487 3521
38487 130986
38487 119163
119291 55258
92775 202045
170962 2971
23483 161340
23483 165888
55258 2971
2971 2971
2971 123545
108481 205554
50120 128157
79844 52007
132448 22050
132448 98949
3725 201370
22398 32689
23865 129018
76464 155672
178969 171683
57911 87725
171509 70568
171509 95916
171509 25532
89966 12696
26821 86760
182596 206856
152899 151124
152899 151786
11993 150783
21479 175339
158975 57631
137024 32648
137024 142228
68698 133044
124225 171374
199101 35017
119664 7506
112189 130830
112849 112505
144520 199158
104736 205554
60209 178227
56876 205414
56876 56876
8527 104762
8527 130830
8527 19418
10643 10643
192889 4968
194420 150650
151306 108133
27405 157350
146331 17425
93809 35530
93809 171036
22593 21639
474 69181
474 210603
158078 28815
79515 54940
178620 12696
40960 25402
40960 90723
119288 103807
179966 122006
203153 25402
159213 198054
31821 31821
31162 95064
96357 2304
85804 25402
205435 135100
205435 186490
205435 124440
205435 140072
165888 97058
165888 111560
165888 161340
147586 122006
210070 205414
15477 170183
15477 142530
95756 140518
60877 9386
143856 140231
122413 182237
180448 180448
125587 194720
132378 132378
58928 71006
151124 151786
151124 21502
25532 166697
32719 109947
136464 31157
136464 31181
136464 121229
136464 7785
168480 198058
97058 161340
139678 62807
154483 129073
1264 18789
32050 34750
32050 103807
7761 149424
81444 61494
94430 63484
130830 3720
130830 88856
130830 113151
130830 129471
130830 57437
130830 150650
130830 104762
130830 19418
130830 185460
130830 140518
182237 106181
151786 21502
16113 2304
16113 85467
16113 69181
113810 146627
34121 50589
19533 2304
18719 22050
18719 98949
18719 100536
195019 55007
108470 108470
85467 2304
25740 29324
203205 148738
87729 25402
124440 25402
205554 205554
104762 12696
104762 178260
122792 31157
122792 122792
121789 23991
25402 135100
25402 119461
25402 140072
25402 52968
25402 30086
25402 23644
25402 108634
103807 34750
103807 67817
176798 110669
56052 134516
150650 12696
150650 19418
150650 88856
76671 162469
76671 198870
31181 31181
133521 133521
27795 18791
130774 177838
34267 38653
12696 57437
12696 150783
12696 185460
12696 19418
12696 206707
70568 194074
58448 200835
15841 2304
15841 196896
146160 99790
182962 150550
98380 101687
166697 209946
88856 19418
88856 57437
88856 185460
44664 44664
22050 129073
157694 17192
171332 96277
160945 133044
135922 91515
61059 99770
139840 208036
176917 52556
210936 70675
68310 92363
11343 2304
123761 174996
49674 11935
100536 129073
22821 180736
210603 105549
129073 98949
2304 196896
27880 27880
94636 7916
169616 72748
69181 12333
185776 193992
28837 161492
92882 87643
14562 14562
121229 121229
166975 166975
68127 68127
193992 105549
74404 74404
185460 57437
137019 137019
205414 21065
205414 67044
28857 28857
83043 67491
206707 19418
50589 50589
203368 203368
